image_width: 640
image_height: 480
camera_name: prosilica
camera_matrix:
  rows: 3
  cols: 3
  data: [338.08101999764006, 0.0, 312.541389823373, 0.0, 337.9751806514881, 231.26322586234303, 0.0, 0.0, 1.0]
distortion_model: plumb_bob
distortion_coefficients:
  rows: 1
  cols: 5
  data: [-0.3061830991469583, 0.0655951595031282, -0.0009007345776965652, 0.001687799357074066, 0.0]
rectification_matrix:
  rows: 3
  cols: 3
  data: [1.0, 0.0, 0.0, 0.0, 1.0, 0.0, 0.0, 0.0, 1.0]
projection_matrix:
  rows: 3
  cols: 4
  data: [232.69541931152344, 0.0, 314.37258201093937, 0.0, 0.0, 269.1441650390625, 224.0366361245906, 0.0, 0.0, 0.0, 1.0, 0.0]